Nachher (Bachelor)
Montag:       1,2,3,4,6,7,8,9,10,11,13,14,15,16,17,18
Dienstag:     1,2,3,4,6,7,8,9,10,11,12,13,14,15,16,17,18
Mittwoch:     1,2,3,4,5,6,7,8,9,10,11,12,13,14,15,16,17,18
Donner:       1,2,3,5,6,7,8,9,11,12,14,15,16,17,18
Freitag:      1,2,3,5,6,8,9,10,11,12,13,14,15,16,17,18

Nachher (Master)
Montag:       1,2,3,4,6,7,9,10,11,13,14,15,16,17,18
Dienstag:     1,2,3,4,6,7,9,10,11,12,13,14,15,16,17,18
Mittwoch:     1,2,3,4,5,6,7,9,10,11,12,13,14,15,16,17,18
Donner:       1,2,3,5,6,7,9,11,12,14,15,16,17,18
Freitag:      1,2,3,5,6,9,10,11,12,13,14,15,16,17,18

Vorher
[1,2,3,4,6,7,9,10,11,13,14,15,16]
[1,2,3,4,6,7,9,10,11,13,14,15,16]
[1,2,3,4,5,6,7,9,10,11,12,13,14,15,16]
[1,2,3,5,6,7,9,11,12,14,15,16]
[1,2,3,5,6,9,11,12,14,15,16]

